1 0
0.99992187601722 0.012499674479166
0.99968751627566 0.024997395909625
0.99929695739354 0.037491211547829
0.99875026039489 0.049979169260504
0.99804751070002 0.062459317829664
0.99718881811212 0.074929707257486
0.99617431680017 0.087388389070992
0.99500416527794 0.099833416626497
0.99367854637921 0.11226284541376
0.99219766722925 0.12467473335983
0.99056175921241 0.13706714113247
0.98877107793599 0.14943813244316
0.98682590319029 0.16178577434968
0.98472653890491 0.17410813755812
0.98247331310125 0.18640329672429
0.98006657784125 0.19866933075458
0.97750670917241 0.21090432310613
0.97479410706899 0.22310636208627
0.97192919536955 0.23527354115125
0.96891242171072 0.24740395920409
0.96574425745724 0.25949572089164
0.96242519762834 0.27154693690074
0.95895576082035 0.28355572425341
0.95533648912572 0.29552020660106
0.95156794804829 0.30743851451766
0.94765072641493 0.31930878579185
0.94358543628356 0.33112916571788
0.93937271284747 0.34289780738545
0.93501321433615 0.35461287196824
0.93050762191236 0.36627252901123
0.92585663956575 0.37787495671675
0.92106099400285 0.38941834222905
0.91612143453353 0.40090088191765
0.91103873295389 0.41232078165907
0.90581368342571 0.42367625711722
0.90044710235237 0.43496553402216
0.89493982825122 0.44618684844733
0.88929272162265 0.45733844708519
0.88350666481557 0.46841858752113
0.87758256188958 0.47942553850577
0.87152133847373 0.49035758022539
0.86532394162182 0.50121300457072
0.85899133966452 0.51199011540379
0.85252452205798 0.52268722882295
0.84592449922932 0.53330267342601
0.83919230241866 0.54383479057133
0.83232898351805 0.55428193463704
0.82533561490712 0.56464247327813
0.81821328928548 0.57491478768152
0.81096311950201 0.58509727281897
0.803586238381 0.59518833769791
0.7960837985451 0.60518640560996
0.78845697223529 0.61508991437737
0.78070695112765 0.62489731659704
0.77283494614721 0.63460707988231
0.76484218727874 0.64421768710243
0.75672992337454 0.65372763661957
0.74849942195935 0.66313544252347
0.74015196903226 0.67243963486359
0.73168886886582 0.68163875987881
0.72311144380219 0.69073138022456
0.71442103404661 0.6997160751974
0.70561899745791 0.70859144095703
0.69670670933641 0.7173560907456
0.68768556220897 0.72600865510442
0.6785569656115 0.73454778208789
0.66932234586864 0.7429721374748
0.65998314587093 0.75128040497677
0.65054082484938 0.75947128644388
0.64099685814742 0.76754350206759
0.63135273699044 0.77549579058062
0.62160996825276 0.78332690945405
0.61177007422215 0.79103563509151
0.60183459236206 0.79862076302029
0.59180507507129 0.80608110807959
0.58168308944153 0.81341550460565
0.57147021701243 0.82062280661396
0.56116805352453 0.82770188797822
0.55077820866993 0.83465164260637
0.54030230584073 0.8414709846134
0.52974198187544 0.84815884849098
0.5190988868032 0.85471418927399
0.50837468358596 0.86113598270377
0.49757104785865 0.86742322538815
0.48668966766737 0.87357493495825
0.47573224320565 0.87959015022198
0.46470048654876 0.88546793131417
0.45359612138623 0.89120735984349
0.44242088275253 0.89680753903591
0.43117651675596 0.90226759387481
0.41986478030583 0.90758667123774
0.40848744083795 0.91276394002968
0.39704627603847 0.91779859131291
0.3855430735661 0.9226898384334
0.37397963077283 0.92743691714375
0.36235775442307 0.93203908572255
0.35067926041135 0.93649562509034
0.33894597347862 0.94080583892189
0.32715972692707 0.94496905375506
0.31532236233375 0.94898461909601
0.30343572926281 0.95285190752082
0.29150168497647 0.95657031477353
0.27952209414487 0.96013925986057
0.26749882855472 0.96355818514154
0.2554337668168 0.9668265564163
0.24332879407245 0.9699438630085
0.23118580169905 0.97290961784533
0.21900668701445 0.97572335753361
0.20679335298055 0.97838464243225
0.19454770790593 0.98089305672088
0.18227166514773 0.98324820846489
0.16996714281266 0.9854497296766
0.15763606345729 0.98749727637278
0.1452803537877 0.98939052862845
0.13290194435838 0.99112919062678
0.12050276927062 0.99271299070537
0.10808476587031 0.99414168139867
0.095649874445208 0.99541503947667
0.083200037921811 0.99653286597977
0.070737201561746 0.99749498624983
0.05826331265784 0.99830124995752
0.045780320229859 0.99895153112578
0.033290174719974 0.99944572814949
0.020794827688013 0.99978376381137
0.0082962315065304 0.99996558529404
-0.0042036609442477 0.99999116418826
-0.016702896581554 0.99986049649736
-0.029199522425248 0.99957360263792
-0.041691585902963 0.99913052743651
-0.054177135155194 0.99853134012273
-0.066654219340269 0.99777613431838
-0.079120888939166 0.99686502802282
-0.091575196060122 0.99579816359455
-0.10401519474298 0.99457570772897
-0.11643894126326 0.99319785143233
-0.12884449443584 0.99166480999185
-0.14122991591827 0.98997682294215
-0.15359327051364 0.98813415402777
-0.16593262647295 0.98613709116197
-0.17824605579692 0.98398594638176
-0.19053163453728 0.98168105579914
-0.20278744309733 0.97922277954856
-0.21501156653192 0.97661150173069
-0.22720209484664 0.97384763035238
-0.23935712329623 0.9709315972629
-0.25147475268222 0.96786385808648
-0.26355308964967 0.96464489215113
-0.275590246983 0.96127520241374
-0.28758434390086 0.95775531538145
-0.29953350635001 0.95408578102947
-0.31143586729813 0.95026717271506
-0.32328956702551 0.946300087088
-0.3350927534157 0.94218514399735
-0.34684358224484 0.9379229863946
-0.35854021746982 0.9335142802332
-0.37018083151517 0.92895971436451
-0.38176360555864 0.92426000043019
-0.39328672981535 0.91941587275097
-0.40474840382056 0.91442808821196
-0.41614683671103 0.90929742614433
-0.4274802475048 0.90402468820359
-0.4387468653795 0.89861069824432
-0.449944929949 0.89305630219144
-0.46107269153848 0.88736236790803
-0.47212841145784 0.88152978505974
-0.48311036227333 0.87555946497576
-0.49401682807747 0.86945234050647
-0.50484610475716 0.86320936587763
-0.51559650025995 0.85683151654134
-0.52626633485842 0.85031978902358
-0.5368539414126 0.84367520076852
-0.54735766563052 0.83689878997955
-0.55777586632662 0.82999161545709
-0.56810691567825 0.82295475643309
-0.57834919947995 0.81578931240247
-0.58850111739571 0.80849640295126
-0.59856108320901 0.80107716758175
-0.60852752507066 0.79353276553436
-0.61839888574439 0.78586437560657
-0.62817362285017 0.77807319596869
-0.6378502091052 0.7701604439767
-0.64742713256258 0.762127355982
-0.65690289684749 0.75397518713824
-0.66627602139104 0.74570521120523
-0.67554504166157 0.73731872034988
-0.68470850939354 0.72881702494432
-0.69376499281374 0.72020145336116
-0.70271307686506 0.71147335176595
-0.71155136342757 0.70263408390679
-0.72027847153697 0.6936850309013
-0.72889303760037 0.68462759102083
-0.73739371560935 0.67546317947191
-0.74577917735025 0.66619322817522
-0.75404811261174 0.65681918554178
-0.7621992293895 0.64734251624669
-0.77023125408812 0.63776470100024
-0.77814293172007 0.62808723631658
-0.78593302610182 0.61831163427989
-0.79360032004696 0.6084394223081
-0.80114361555641 0.59847214291424
-0.80856173400559 0.58841135346544
-0.81585351632858 0.57825862593959
-0.82301782319922 0.56801554667972
-0.83005353520915 0.55768371614611
-0.83695955304266 0.54726474866627
-0.84373479764851 0.53676027218268
-0.85037821040853 0.52617192799842
-0.85688875330298 0.51550137052073
-0.86326540907276 0.5047502670025
-0.8695071813784 0.4939202972818
-0.87561309495566 0.48301315351936
-0.88158219576796 0.4720305399342
-0.88741355115545 0.46097417253737
-0.8931062499807 0.44984577886376
-0.89865940277111 0.43864709770227
-0.90407214185784 0.42737987882403
-0.90934362151142 0.41604588270908
-0.91447301807388 0.40464688027125
-0.91945953008744 0.3931846525815
-0.92430237841974 0.38166099058958
-0.92900080638557 0.37007769484423
-0.93355407986513 0.35843657521185
-0.93796148741869 0.34673945059371
-0.94222234039778 0.33498814864173
-0.94633597305281 0.32318450547293
-0.95030174263702 0.31133036538257
-0.95411902950699 0.2994275805559
-0.95778723721942 0.28747801077884
-0.96130579262429 0.27548352314738
-0.9646741459545 0.26344599177579
-0.96789177091168 0.25136729750388
-0.97095816474849 0.23924932760304
-0.9738728483471 0.22709397548144
-0.97663536629416 0.2149031403881
-0.97924528695183 0.20267872711622
-0.98170220252534 0.19042264570551
-0.98400572912661 0.17813681114375
-0.98615550683431 0.1658231430676
-0.98815119975003 0.15348356546266
-0.98999249605083 0.14112000636282
-0.99167910803789 0.12873439754904
-0.99321077218152 0.11632867424751
-0.99458724916232 0.10390477482725
-0.99580832390856 0.091464640497289
-0.99687380562979 0.079010215003299
-0.99778352784666 0.066543444323931
-0.99853734841693 0.054066276366747
-0.99913514955766 0.041580660663859
-0.99957683786364 0.029088548067323
-0.99986234432198 0.016591890444322
-0.99999162432286 0.0040926403721905
-0.99996465766655 -0.0084072491666741
-0.99978144856654 -0.020905825089957
-0.99944202564888 -0.033401134520594
-0.9989464419477 -0.045891225091904
-0.99829477489695 -0.058374145252641
-0.99748712631828 -0.070847944571923
-0.99652362240515 -0.083310674043978
-0.99540441370307 -0.095760386392677
-0.99412967508613 -0.10819513637579
-0.99269960572964 -0.12061298108893
-0.99111442907904 -0.13301198026911
-0.98937439281495 -0.14539019659794
-0.9874797688145 -0.1577456960043
-0.98543085310883 -0.17007654796652
-0.98322796583686 -0.18238082581409
-0.98087145119525 -0.19465660702861
-0.9783616773846 -0.20690197354423
-0.97569903655198 -0.21911501204735
-0.97288394472959 -0.23129381427555
-0.96991684176982 -0.24343647731575
-0.96679819127646 -0.25554110390156
-0.96352848053231 -0.26760580270968
-0.96010822042302 -0.27962868865547
-0.95653794535728 -0.29160788318746
-0.9528182131833 -0.30354151458087
-0.94894960510167 -0.31542771823007
-0.94493272557454 -0.32726463693993
-0.94076820223116 -0.33905042121595
-0.93645668576984 -0.35078322955334
-0.93199884985624 -0.36246122872466
-0.92739539101817 -0.37408259406627
-0.9226470285367 -0.38564550976351
-0.91775450433382 -0.39714816913429
-0.91271858285647 -0.40858877491151
-0.90754005095716 -0.41996553952377
-0.90221971777094 -0.43127668537475
-0.89675841458907 -0.44252044512092
-0.89115699472906 -0.45369506194768
-0.88541633340136 -0.4647987898439
-0.87953732757264 -0.47582989387468
-0.87352089582559 -0.48678665045244
-0.86736797821543 -0.49766734760627
-0.86107953612304 -0.50847028524936
-0.85465655210469 -0.51919377544468
-0.84810002973858 -0.52983614266871
-0.84141099346799 -0.54039572407321
-0.83459048844122 -0.55087086974508
-0.82763958034832 -0.5612599429641
-0.82055935525455 -0.57156132045872
-0.81335091943065 -0.58177339265967
-0.80601539918009 -0.59189456395143
-0.79855394066296 -0.60192325292158
-0.79096770971699 -0.61185789260787
-0.78325789167534 -0.62169693074306
-0.77542569118138 -0.63143882999745
-0.76747233200052 -0.6410820682191
-0.75939905682896 -0.65062513867166
-0.75120712709951 -0.66006655026979
-0.74289782278453 -0.66940482781211
-0.73447244219592 -0.67863851221178
-0.72593230178226 -0.68776616072438
-0.71727873592312 -0.6967863471734
-0.70851309672056 -0.70569766217306
-0.69963675378788 -0.71449871334851
-0.69065109403561 -0.72318812555343
-0.6815575214548 -0.73176454108481
-0.67235745689767 -0.7402266198952
-0.6630523378556 -0.74857303980198
-0.65364361823452 -0.75680249669402
-0.64413276812771 -0.76491370473543
-0.63452127358618 -0.77290539656646
-0.62481063638638 -0.7807763235015
-0.61500237379563 -0.78852525572425
-0.605098018335 -0.7961509824798
-0.5950991175399 -0.80365231226386
-0.58500723371823 -0.81102807300891
-0.57482394370631 -0.81827711226735
-0.5645508386225 -0.82539829739153
-0.55418952361856 -0.83239051571077
-0.54374161762889 -0.83925267470518
-0.53320875311755 -0.84598370217638
-0.52259257582318 -0.85258254641502
-0.51189474450191 -0.8590481763651
-0.50111693066811 -0.86537958178512
-0.49026081833327 -0.87157577340585
-0.47932810374287 -0.87763578308495
-0.46832049511131 -0.88355866395824
-0.45723971235505 -0.88934349058764
-0.44608748682387 -0.89498935910576
-0.43486556103031 -0.90049538735711
-0.42357568837745 -0.90586071503601
-0.41221963288493 -0.9110845038209
-0.40079916891333 -0.91616593750542
-0.3893160808869 -0.9211042221259
-0.37777216301478 -0.9258985860854
-0.36616921901068 -0.93054828027433
-0.35450906181098 -0.93505257818741
-0.34279351329152 -0.93941077603727
-0.33102440398294 -0.94362219286436
-0.31920357278462 -0.94768617064337
-0.3073328666774 -0.95160207438604
-0.29541414043494 -0.95536929224038
-0.28344925633399 -0.95898723558626
-0.27144008386334 -0.9624553391274
-0.25938849943176 -0.96577306097967
-0.24729638607481 -0.9689398827558
-0.23516563316061 -0.97195530964631
-0.2229981360946 -0.9748188704969
-0.21079579602348 -0.97753011788201
-0.19856051953803 -0.98008862817475
-0.18629421837533 -0.98249400161309
-0.17399880911999 -0.98474586236234
-0.16167621290468 -0.98684385857383
-0.14932835511 -0.98878766243993
-0.13695716506361 -0.99057697024523
-0.12456457573878 -0.99221150241403
-0.1121525234524 -0.99369100355402
-0.099722947562372 -0.99501524249614
-0.087277790164656 -0.99618401233077
-0.074818995789776 -0.99719713043999
-0.062348511099007 -0.99805443852616
-0.049868284580215 -0.99875580263664
-0.037380266243404 -0.99930111318471
-0.024886407316036 -0.99969028496672
-0.012388659938151 -0.99992325717537
0.00011102314264626 -0.99999999340923
0.012610688876303 -0.99992048167841
0.025108384215475 -0.99968473440647
0.037602156420692 -0.99929278842844
0.050090053365461 -0.99874470498508
0.06257012384129 -0.99804056971332
0.075040417862554 -0.99718049263287
0.087498986971183 -0.99616460812902
0.099943884541097 -0.99499307493166
0.11237316608237 -0.99366607609047
0.12478488954504 -0.99218381894633
0.13717711562258 -0.99054653509889
0.14954790805485 -0.98875448037044
0.16189533393073 -0.98680793476587
0.17421746399002 -0.98470720242899
0.18651237292498 -0.98245261159495
0.1987781396811 -0.98004451453898
0.21101284775728 -0.97748328752134
0.22321458550526 -0.97476933072857
0.23538144642835 -0.97190306821087
0.24751152947928 -0.96888494781595
0.25960293935725 -0.96571544111898
0.27165378680407 -0.96239504334892
0.28366218889934 -0.95892427331119
0.29562626935465 -0.95530367330654
0.30754415880679 -0.95153380904636
0.31941399510977 -0.94761526956427
0.33123392362581 -0.94354866712409
0.34300209751513 -0.93933463712419
0.35471667802451 -0.93497383799819
0.36637583477456 -0.93046695111207
0.37797774604577 -0.92581468065774
0.38952059906311 -0.92101775354301
0.40100259027927 -0.91607691927797
0.41242192565648 -0.91099294985794
0.42377682094683 -0.90576663964279
0.43506550197102 -0.90039880523286
0.44628620489562 -0.89489028534136
0.45743717650862 -0.88924194066332
0.46851667449338 -0.8834546537411
0.4795229677009 -0.87752932882653
0.49045433642024 -0.87146689173955
0.5013090726473 -0.86526828972364
0.5120854803516 -0.85893449129775
0.52278187574139 -0.852466486105
0.53339658752662 -0.84586528475804
0.5439279571802 -0.83913191868117
0.55437433919703 -0.83226743994912
0.56473410135117 -0.82527292112275
0.57500562495087 -0.81814945508138
0.58518730509147 -0.8108981548521
0.59527755090614 -0.80352015343581
0.60527478581453 -0.79601660363024
0.615177447769 -0.78838867784977
0.62498398949878 -0.78063756794228
0.63469287875167 -0.77276448500294
0.64430259853348 -0.76477065918494
0.65381164734504 -0.7566573395073
0.66321853941684 -0.74842579365972
0.6725218049411 -0.74007730780448
0.68171999030154 -0.73161318637553
0.69081165830039 -0.72303475187461
0.69979538838303 -0.71434334466467
0.70866977685992 -0.7055403227604
0.7174334371259 -0.69662706161607
0.7260849998769 -0.68760495391059
0.73462311332383 -0.67847540932995
0.74304644340385 -0.66923985434691
0.75135367398875 -0.65989973199815
0.75954350709067 -0.65045650165878
0.76761466306485 -0.64091163881434
0.77556588080958 -0.63126663483023
0.78339591796327 -0.6215229967187
0.79110355109855 -0.61168224690337
0.79868757591342 -0.6017459229814
0.80614680741944 -0.59171557748318
0.81348008012685 -0.58159277762979
0.82068624822672 -0.57137910508811
0.82776418576994 -0.56107615572369
0.83471278684318 -0.55068553935143
0.84153096574164 -0.54020887948398
0.84821765713876 -0.52964781307814
0.85477181625261 -0.51900399027904
0.86119241900915 -0.50827907416235
0.86747846220228 -0.49747474047439
0.87362896365052 -0.48659267737032
0.87964296235056 -0.47563458515036
0.88551951862732 -0.46460217599413
0.89125771428084 -0.45349717369311
0.89685665272972 -0.44232131338133
0.90231545915124 -0.43107634126421
0.90763328061798 -0.41976401434577
0.91280928623116 -0.40838610015409
0.91784266725045 -0.3969443764651
0.92273263722029 -0.38544063102485
0.92747843209283 -0.37387666127018
0.93207931034727 -0.36225427404781
0.93653455310575 -0.35057528533212
0.94084346424565 -0.33884151994134
0.94500537050837 -0.32705481125242
0.94901962160454 -0.31521700091462
0.95288559031557 -0.30332993856173
0.95660267259173 -0.29139548152306
0.96017028764647 -0.27941549453323
0.9635878780472 -0.26739184944084
0.96685490980237 -0.25532642491598
0.96997087244493 -0.24322110615668
0.97293527911204 -0.23107778459437
0.97574766662119 -0.21889835759834
0.97840759554256 -0.20668472817927
0.98091465026767 -0.19443880469193
0.98326843907432 -0.18216250053693
0.98546859418779 -0.16985773386182
0.98751477183833 -0.15752642726137
0.98940665231484 -0.14517050747715
0.99114394001485 -0.13279190509648
0.99272636349068 -0.12039255425079
0.99415367549189 -0.10797439231345
0.99542565300388 -0.095539359596972
0.99654209728276 -0.083089399049934
0.99750283388638 -0.070626455953337
0.99830771270159 -0.058152477616687
0.99895660796773 -0.045669413073719
0.99944941829622 -0.033179212777872
0.99978606668645 -0.020683828297531
0.99996650053781 -0.0081852120111005
